movertur 1 2 0 0 0 0 0 0 0 1 0 0 0 0 0 0 1 1 1
inicio 0 1 0 0 0 1 0 1 0 3 0 0 0 0 0 0 1 12 0
$$
25001 0
25002 20
25003 20
25004 20
25005 20
25006 1
25007 0
25008 10
25009 0
25010 10
25011 2
25012 1
25013 10
$$
17 -1 -1 12
5 8001 -1 8002
6 8002 25001 23001
16 23001 -1 11
24 1 25 25002
24 1 27 25003
24 1 25 25004
24 1 27 25005
2 8002 25006 16001
5 16001 -1 8002
17 -1 -1 2
29 -1 25007 1
5 25008 -1 8001
6 8001 25009 23001
16 23001 -1 21
3 8001 25010 16001
4 8001 25011 16002
19 13001 (16001, 16002) 34
2 8001 25012 16003
5 16003 -1 8001
17 -1 -1 13
30 -1 -1 1
31 -1 25013 8001
32 -1 -1 1
5 1 -1 16004
$$
